([1, 2, 3, 4, 5, 6, 7, 8], [(1, 2), (2, 3), (3, 4), (4, 5), (5, 6), (6, 7), (7, 8), (8, 1), (1, 3), (2, 4), (3, 5), (4, 6), (5, 7), (6, 8)])
([1, 2, 3, 4, 5], [(1, 2), (1, 3), (1, 4), (1, 5), (2, 3), (2, 4), (2, 5), (3, 4), (3, 5), (4, 5)])
([1, 2, 3, 4, 5, 6, 7, 8, 9], [(1, 2), (2, 3), (3, 4), (4, 5), (5, 6), (6, 7), (7, 8), (8, 9), (9, 1), (1, 3), (2, 4), (3, 5), (4, 6), (5, 7), (6, 8), (7, 9)])
([1, 2, 3, 4, 5, 6, 7], [(1, 2), (1, 3), (1, 4), (1, 5), (1, 6), (1, 7),(3, 4), (3, 5), (3, 6), (3, 7),(4, 5), (4, 6), (4, 7),(2, 3), (2, 4), (2, 5), (2, 6), (2, 7),(5, 6), (5, 7),(6, 7)])
([1, 2, 3, 4, 5, 6, 7, 8, 9, 10], [(1, 2), (2, 3), (3, 4), (4, 5), (5, 6), (6, 7), (7, 8), (8, 9), (9, 10), (10, 1), (1, 3), (2, 4), (3, 5), (4, 6), (5, 7), (6, 8), (7, 9), (8, 10)])
([1, 2, 3, 4, 5, 6, 7, 8, 9, 10], [(1, 2), (2, 3), (3, 4), (4, 5), (5, 6), (6, 7), (7, 8), (8, 9), (9, 10), (10, 1), (1, 3), (2, 4), (3, 5), (4, 6), (5, 7), (6, 8), (7, 9), (8, 10), (1, 5), (2, 6), (3, 7), (4, 8), (5, 9), (6, 10)])
([1, 2, 3, 4, 5, 6, 7, 8, 9, 10], [(1, 2), (1, 3), (1, 4), (2, 3), (2, 4), (2, 5), (3, 5), (3, 6), (4, 6), (4, 7), (5, 7), (5, 8), (6, 8), (6, 9), (7, 9), (7, 10), (8, 10)])
([1,2,3,4,5,6,7,8,9,10], [(1,4), (1,5), (2,3), (4,7), (7, 10), (3, 9), (2, 9), (4, 9), (9, 10)])
([1, 2, 3, 4, 5, 6, 7, 8, 9, 10, 11, 12, 13], [(1, 2), (1, 3), (1, 4), (2, 3), (2, 4), (2, 5), (3, 4), (3, 5), (3, 6), (4, 5), (4, 6), (4, 7), (5, 6), (5, 7), (5, 8), (6, 7), (6, 8), (6, 9), (7, 8), (7, 9), (7, 10), (8, 9), (8, 10), (8, 11), (9, 10), (9, 11), (9, 12), (10, 11), (10, 12), (10, 13), (11, 12), (11, 13)])
([1, 2, 3, 4, 5], [(1, 2), (1, 3), (1, 4), (1, 5), (2, 3), (2, 4), (2, 5), (3, 4), (3, 5), (4, 5)])
([1, 2, 3, 4, 5], [(1, 2), (1, 3), (1, 4), (1, 5), (2, 3), (2, 4), (2, 5), (3, 4), (3, 5), (4, 5)])
([1, 2, 3, 4, 5], [(1, 2), (2, 3), (3, 4), (4, 5), (5, 1), (1, 3), (2, 4), (3, 5), (4, 1), (5, 2)])
([1, 2, 3, 4, 5, 6], [(1, 2), (2, 3), (3, 4), (4, 5), (5, 6), (6, 1), (1, 3), (2, 4), (3, 5), (4, 6), (5, 1)])
([1, 2, 3, 4, 5, 6], [(1, 2), (2, 3), (3, 4), (4, 5), (5, 6), (6, 1), (1, 3), (2, 4), (3, 5), (4, 6), (5, 1), (1, 4)])
([1, 2, 3, 4, 5, 6], [(1, 2), (2, 3), (3, 4), (4, 5), (5, 6), (6, 1), (1, 3), (2, 4), (3, 5), (4, 6), (5, 1), (2, 5)])
([1, 2, 3, 4, 5, 6, 7], [(1, 2), (2, 3), (3, 4), (4, 5), (5, 6), (6, 7), (7, 1), (1, 3), (2, 4), (3, 5), (4, 6), (5, 7)])
([1, 2, 3, 4, 5, 6, 7], [(1, 2), (2, 3), (3, 4), (4, 5), (5, 6), (6, 7), (7, 1), (1, 4), (2, 5), (3, 6), (4, 7), (5, 1)])
([1, 2, 3, 4, 5,6,7,8,9,10], [(1, 2), (1, 3), (1, 4), (1, 5), (2, 3), (2, 4), (2, 5), (3, 4), (3, 5), (4, 5), (1, 6), (1, 7), (1, 8), (1, 9), (2, 6), (2, 7), (2, 8), (3, 6), (3, 7), (4, 10), (8,9),(9,10)])
([1, 2, 3, 4, 5, 6, 7, 8], [(1, 2), (2, 3), (3, 4), (4, 5), (5, 6), (6, 7), (7, 8), (8, 1), (1, 3), (2, 4), (3, 5), (4, 6), (5, 7), (6, 8)])
([1, 2, 3, 4, 5, 6, 7, 8, 9, 10, 11], [(1, 2), (2, 3), (3, 4), (4, 5), (5, 6), (6, 7), (7, 8), (8, 9), (9, 10), (10, 11), (11, 1), (1, 3), (2, 4), (3, 5), (4, 6), (5, 7), (6, 8), (7, 9), (8, 10), (9, 11), (10, 1)])
([1, 2, 3, 4, 5, 6, 7, 8, 9, 10, 11, 12], [(1, 2), (2, 3), (3, 4), (4, 5), (5, 6), (6, 7), (7, 8), (8, 9), (9, 10), (10, 11), (11, 12), (12, 1), (1, 3), (2, 4), (3, 5), (4, 6), (5, 7), (6, 8), (7, 9), (8, 10), (9, 11), (10, 12)])
([1, 2, 3, 4, 5, 6, 7, 8, 9, 10, 11, 12, 13], [(1, 2), (2, 3), (3, 4), (4, 5), (5, 6), (6, 7), (7, 8), (8, 9), (9, 10), (10, 11), (11, 12), (12, 13), (13, 1), (1, 3), (2, 4), (3, 5), (4, 6), (5, 7), (6, 8), (7, 9), (8, 10), (9, 11), (10, 12), (11, 13)])
([1,2,3,4,5],[(1,5), (1,4), (2,4), (2,3), (1, 3), (1, 2), (4, 5)])
([1, 2, 3, 4, 5], [(1, 2), (2, 3), (1, 3), (2, 4), (3, 5), (4, 1), (5, 2)])
([1, 2, 3, 4, 5, 6], [(2, 3), (2, 4), (2, 5), (2, 6),(3, 4), (3, 5), (3, 6),(4, 5), (4, 6),(5, 6)])